18953
18954
18955
18956
18957
18958
18959
18960
18961
18939
18940
18941
18942
18943
18944
18945
18946
18947
18948
18949
18950
18951
19064
19065
19066
18971
18972
18973
18891
18892
18893
18894
18895
18896
18897
18898
18899
18900
18901
18902
18903
18904
18905
18906
18907
18908
18909
18910
18967
18968
18969
18639
18926
18927
18928
18929
18930
18931
18932
18933
18934
18935
18962
19095
19096
19097
19098
18970
18865
18866
18867
18868
18869
18870
18871
18872
18873
19039
19040
19041
19042
19043
19044
19045
19046
19047
19048
19049
19050
19051
19052
19053
18921
18922
18923
18924
18925
18640
18975
19136
19274
18641
18644
18874
18875
18890
18911
18912
18913
18914
18915
18916
18917
18918
18919
18920
18645
18976
18977
18978
18979
19101
19102
19103
19104
19105
19106
19107
19108
19109
19110
19111
19112
19113
19114
19115
19116
19117
19118
19119
19120
18936
18937
18938
18952
18964
18965
18966
18638
19093
19160
19006
19007
19008
19009
19010
19011
19012
19013
19014
19015
19016
19017
19488
19487
19018
19019
19020
19021
19022
19023
19024
19025
19026
19027
19028
19029
19030
19031
19032
19033
19034
19035
18974
19036
19037
19038
19067
19068
19069
19078
19079
19085
19090
19091
19092
19094
19137
19163
19330
19331
19317
19318
19319
1210
3044
18632
18633
18634
18635
19421
19422
19423
19424